98
93
78
58
65
76
59
57
56
86
57
63
59
70
60
62
63
72
66
59
64
75
59
67
68
80
59
68
63
100
80
74
71
73
79
82
72
79
75
65
63
90
73
76
82
75
74
74
75
70
83
66
70
91
77
84
93
66
77
82
81
103
84
75
74
81
78
76
113
79
78
88
74
76
102
72
71
100
78
77
81
81
76
96
78
78
86
90
94
89
91
94
85
83
85
97
85
95
95
104
89
102
91
85
104
90
104
95
92
88
97
89
107
98
95
92
107
91
100
94
92
91
116
97
100
125
112
92
105
102
103
104
121
111
112
107
101
104
113
112
102
129
106
108
107
112
115
135
109
137
142
109
111
117
101
126
128
109
104
112
108
126
104
124
106
121
111
126
107
129
118
125
107
135
117
131
130
137
125
125
112
113
111
133
118
133
121
123
124
131
123
138
125
138
132
131
131
144
143
136
135
154