79
72
74
78
62
59
60
65
79
65
60
61
57
57
53
61
59
63
72
57
64
56
59
56
60
57
57
61
63
57
73
59
74
75
61
61
62
62
60
60
59
65
63
60
58
59
59
62
60
59
59
60
73
74
63
58
59
60
65
64
58
59
64
74
61
60
61
58
58
59
63
62
58
68
59
60
62
57
57
60
59
58
69
69
61
59
58
65
62
59
58
70
63
63
59
59
62
60
60
69
64
63
59
65
63
62
69
66
63
59
58
60
66
70
65
61
63
58
60
59
73
67
61
62
60
64
70
65
61
64
61
61
70
73
66
62
62
66
76
61
62
70
70
75
69
72
68
67
83
69
65
64
75
74
66
66
66
77
67
64
67
78
69
65
72
67
77
69
74
67
77
76
67
67
67
79
70
68
73
78
78
72
73
74
89
78
74
73
71
80
77
74
74
73
86
77
71
75
85
82
70
70
75
82
73
70
72
81
75
77
71
82
80
72
72
82
81
74
74
85
75
72
75
81
76
76
77
81
80
75
85
82
76
77
83
78
76
87
81
81
90
85
82
83
88
83
81
93
83
80
92
86
86
85
95
84
86
93
83
78
79
91
80
79
87
88
81
84
89
87
83
80
91
89
87
95
98
88
88
91
90